{
 "cells": [
  {
   "cell_type": "code",
   "execution_count": 4,
   "metadata": {},
   "outputs": [],
   "source": [
    "import numpy as np\n",
    "import pandas as pd"
   ]
  },
  {
   "cell_type": "code",
   "execution_count": 5,
   "metadata": {},
   "outputs": [],
   "source": [
    "import random"
   ]
  },
  {
   "cell_type": "code",
   "execution_count": 7,
   "metadata": {},
   "outputs": [
    {
     "data": {
      "text/plain": [
       "array([[0.36565738, 0.14946256, 0.99673426, ..., 0.62645603, 0.47632445,\n",
       "        0.55876725],\n",
       "       [0.78216186, 0.14049571, 0.06785426, ..., 0.11332261, 0.77530511,\n",
       "        0.64763176],\n",
       "       [0.24114263, 0.79577986, 0.68926188, ..., 0.68227948, 0.60335223,\n",
       "        0.70814967],\n",
       "       ...,\n",
       "       [0.12029474, 0.75797384, 0.66353292, ..., 0.98468854, 0.77101389,\n",
       "        0.16836491],\n",
       "       [0.81764597, 0.5750328 , 0.3758418 , ..., 0.96215776, 0.5401657 ,\n",
       "        0.69826223],\n",
       "       [0.36971632, 0.20700701, 0.75256585, ..., 0.68979463, 0.62479975,\n",
       "        0.20811031]])"
      ]
     },
     "execution_count": 7,
     "metadata": {},
     "output_type": "execute_result"
    }
   ],
   "source": [
    "A = np.random.rand(100,30)\n",
    "A"
   ]
  },
  {
   "cell_type": "code",
   "execution_count": 9,
   "metadata": {},
   "outputs": [],
   "source": [
    "from sklearn.decomposition import TruncatedSVD"
   ]
  },
  {
   "cell_type": "code",
   "execution_count": 10,
   "metadata": {},
   "outputs": [
    {
     "data": {
      "text/plain": [
       "TruncatedSVD(n_components=5, n_iter=7, random_state=42)"
      ]
     },
     "execution_count": 10,
     "metadata": {},
     "output_type": "execute_result"
    }
   ],
   "source": [
    "svd = TruncatedSVD(n_components=5, n_iter=7, random_state=42)\n",
    "svd"
   ]
  },
  {
   "cell_type": "code",
   "execution_count": 11,
   "metadata": {},
   "outputs": [
    {
     "data": {
      "text/plain": [
       "TruncatedSVD(n_components=5, n_iter=7, random_state=42)"
      ]
     },
     "execution_count": 11,
     "metadata": {},
     "output_type": "execute_result"
    }
   ],
   "source": [
    "svd.fit(A)"
   ]
  },
  {
   "cell_type": "code",
   "execution_count": 17,
   "metadata": {},
   "outputs": [],
   "source": [
    "# svd.transform(A)"
   ]
  },
  {
   "cell_type": "markdown",
   "metadata": {},
   "source": [
    "### SVD manually"
   ]
  },
  {
   "cell_type": "code",
   "execution_count": 40,
   "metadata": {},
   "outputs": [],
   "source": [
    "A_tr = A.transpose()"
   ]
  },
  {
   "cell_type": "code",
   "execution_count": 41,
   "metadata": {},
   "outputs": [],
   "source": [
    "Z1 = np.matmul(A, A_tr) #Covariance matrix w.r.t rows\n",
    "Z2 = np.matmul(A_tr, A) #Covariance matrix w.r.t columns"
   ]
  },
  {
   "cell_type": "code",
   "execution_count": 42,
   "metadata": {},
   "outputs": [],
   "source": [
    "eigenvalues_z1, eigenvectors_z1 = np.linalg.eig(Z1)\n",
    "eigenvalues_z2, eigenvectors_z2 = np.linalg.eig(Z2)"
   ]
  },
  {
   "cell_type": "code",
   "execution_count": 43,
   "metadata": {},
   "outputs": [],
   "source": [
    "U = eigenvectors_z1\n",
    "V = eigenvectors_z2"
   ]
  },
  {
   "cell_type": "code",
   "execution_count": 44,
   "metadata": {},
   "outputs": [
    {
     "data": {
      "text/plain": [
       "(30, 30)"
      ]
     },
     "execution_count": 44,
     "metadata": {},
     "output_type": "execute_result"
    }
   ],
   "source": [
    "V.shape"
   ]
  },
  {
   "cell_type": "code",
   "execution_count": 45,
   "metadata": {},
   "outputs": [],
   "source": [
    "V_tr = V.transpose()"
   ]
  },
  {
   "cell_type": "code",
   "execution_count": 59,
   "metadata": {},
   "outputs": [
    {
     "data": {
      "text/plain": [
       "(100, 30)"
      ]
     },
     "execution_count": 59,
     "metadata": {},
     "output_type": "execute_result"
    }
   ],
   "source": [
    "# PCA level transformation => T(100, 30) matmul(A(100, 30), V(30, 30))\n",
    "T1 = np.matmul(A, V)\n",
    "T1.shape"
   ]
  },
  {
   "cell_type": "code",
   "execution_count": null,
   "metadata": {},
   "outputs": [],
   "source": [
    "# A = U * Sigma * V_tr\n",
    "# A(100,30) = U(100,100) * Sigma(100, 30) * V_tr(30, 30)"
   ]
  },
  {
   "cell_type": "code",
   "execution_count": 66,
   "metadata": {},
   "outputs": [
    {
     "name": "stderr",
     "output_type": "stream",
     "text": [
      "c:\\users\\vishal waghmare\\3d objects\\vscode_codes\\github\\machine_learning\\ml_env\\lib\\site-packages\\ipykernel_launcher.py:5: ComplexWarning: Casting complex values to real discards the imaginary part\n",
      "  \"\"\"\n"
     ]
    }
   ],
   "source": [
    "import math\n",
    "Sigma = np.zeros((100,30))\n",
    "incr = 0\n",
    "for j in range(Sigma.shape[1]):\n",
    "    Sigma[j][j] = math.sqrt(eigenvalues_z1[incr])\n",
    "    incr = incr + 1\n",
    "# Sigma"
   ]
  },
  {
   "cell_type": "code",
   "execution_count": 67,
   "metadata": {},
   "outputs": [
    {
     "data": {
      "text/plain": [
       "(100, 30)"
      ]
     },
     "execution_count": 67,
     "metadata": {},
     "output_type": "execute_result"
    }
   ],
   "source": [
    "# Another method for projection\n",
    "# T(100, 30) = matmul( U(100, 100) , Sigma(100, 30) )\n",
    "T2 = np.matmul(U, Sigma)\n",
    "T2.shape"
   ]
  },
  {
   "cell_type": "code",
   "execution_count": 31,
   "metadata": {},
   "outputs": [
    {
     "data": {
      "text/plain": [
       "(30,)"
      ]
     },
     "execution_count": 31,
     "metadata": {},
     "output_type": "execute_result"
    }
   ],
   "source": [
    "eigenvalues_z1.shape"
   ]
  },
  {
   "cell_type": "code",
   "execution_count": 32,
   "metadata": {},
   "outputs": [
    {
     "data": {
      "text/plain": [
       "(100,)"
      ]
     },
     "execution_count": 32,
     "metadata": {},
     "output_type": "execute_result"
    }
   ],
   "source": [
    "eigenvalues_z2.shape"
   ]
  },
  {
   "cell_type": "code",
   "execution_count": 71,
   "metadata": {},
   "outputs": [
    {
     "data": {
      "text/plain": [
       "array([[-2.48269705,  0.11864884,  0.23708242, ..., -0.00915263,\n",
       "        -0.17109469,  0.20246468],\n",
       "       [-2.52991243,  0.44615553, -0.41573075, ..., -0.06966266,\n",
       "         0.25425554,  0.02508129],\n",
       "       [-2.92368596, -0.03217852,  0.02466447, ...,  0.37907249,\n",
       "        -0.28211354, -0.08123644],\n",
       "       ...,\n",
       "       [-2.69961727,  0.20400857, -0.07498133, ...,  0.18278289,\n",
       "        -0.26900215,  0.27402947],\n",
       "       [-3.13817016,  0.44984283, -0.96587483, ...,  0.06465047,\n",
       "         0.12153973, -0.46955256],\n",
       "       [-2.69873759,  0.25621958, -0.18267985, ...,  0.23894656,\n",
       "        -0.44779311,  0.02327546]])"
      ]
     },
     "execution_count": 71,
     "metadata": {},
     "output_type": "execute_result"
    }
   ],
   "source": [
    "T1"
   ]
  },
  {
   "cell_type": "code",
   "execution_count": 72,
   "metadata": {},
   "outputs": [
    {
     "data": {
      "text/plain": [
       "array([[-2.48269705e+00,  1.18648839e-01, -2.37082422e-01, ...,\n",
       "         9.15262930e-03,  1.23454506e-01, -3.53334329e-05],\n",
       "       [-2.52991243e+00,  4.46155533e-01,  4.15730746e-01, ...,\n",
       "         6.96626627e-02, -4.01387492e-01,  1.88166966e-01],\n",
       "       [-2.92368596e+00, -3.21785209e-02, -2.46644655e-02, ...,\n",
       "        -3.79072491e-01, -1.17499517e-01,  9.54399929e-02],\n",
       "       ...,\n",
       "       [-2.69961727e+00,  2.04008570e-01,  7.49813327e-02, ...,\n",
       "        -1.82782889e-01,  1.10826321e-02,  2.62716847e-01],\n",
       "       [-3.13817016e+00,  4.49842832e-01,  9.65874834e-01, ...,\n",
       "        -6.46504706e-02,  6.18247819e-02,  1.81754492e-01],\n",
       "       [-2.69873759e+00,  2.56219583e-01,  1.82679855e-01, ...,\n",
       "        -2.38946562e-01,  3.20588642e-01,  7.87047425e-03]])"
      ]
     },
     "execution_count": 72,
     "metadata": {},
     "output_type": "execute_result"
    }
   ],
   "source": [
    "T2.real"
   ]
  },
  {
   "cell_type": "code",
   "execution_count": 81,
   "metadata": {},
   "outputs": [
    {
     "data": {
      "text/plain": [
       "array([[ 0.80428473, -0.04614432, -0.03321611, ..., -0.02427458,\n",
       "        -0.05521853, -0.03847857],\n",
       "       [-0.04614432,  0.29077574,  0.00400276, ..., -0.02849157,\n",
       "         0.07383869, -0.05118342],\n",
       "       [-0.03321611,  0.00400276,  1.02452878, ...,  0.00878001,\n",
       "        -0.01585546,  0.05724994],\n",
       "       ...,\n",
       "       [-0.02427458, -0.02849157,  0.00878001, ...,  0.73808043,\n",
       "        -0.04704001, -0.01211329],\n",
       "       [-0.05521853,  0.07383869, -0.01585546, ..., -0.04704001,\n",
       "         0.73424054,  0.00685366],\n",
       "       [-0.03847857, -0.05118342,  0.05724994, ..., -0.01211329,\n",
       "         0.00685366,  0.65516137]])"
      ]
     },
     "execution_count": 81,
     "metadata": {},
     "output_type": "execute_result"
    }
   ],
   "source": [
    "# suppose to be identity\n",
    "np.matmul(U, U.transpose()).real"
   ]
  },
  {
   "cell_type": "code",
   "execution_count": 76,
   "metadata": {},
   "outputs": [
    {
     "data": {
      "text/plain": [
       "array([[ 1.00000000e+00,  4.28650171e-15, -8.46545056e-16,\n",
       "         3.09864981e-15, -5.18508847e-15, -2.36334390e-15,\n",
       "         1.90125693e-15,  2.44314118e-15, -3.41697157e-15,\n",
       "        -4.02862422e-15,  4.63214536e-15, -4.66206934e-16,\n",
       "         6.43484831e-15, -4.20670443e-15,  2.21697660e-15,\n",
       "         4.96347755e-15,  7.62410968e-15, -4.34027814e-15,\n",
       "        -3.84544827e-15,  1.63242900e-15, -4.92227786e-15,\n",
       "        -6.96057795e-16, -6.28230107e-15, -5.60098842e-16,\n",
       "        -7.31272681e-15,  1.03606360e-14, -1.47261760e-15,\n",
       "         5.78617015e-15,  6.49437101e-17, -4.24703675e-15],\n",
       "       [ 4.28650171e-15,  1.00000000e+00,  1.17857113e-14,\n",
       "        -2.66280054e-15,  8.45851167e-15, -8.30151919e-15,\n",
       "         6.51909082e-15, -4.14251966e-15, -5.72892428e-15,\n",
       "        -7.23639898e-15, -4.33941078e-15,  3.76088050e-15,\n",
       "         5.17598117e-16, -7.63278329e-16,  8.95117314e-15,\n",
       "        -2.45289900e-15,  4.89192020e-16,  2.39391840e-16,\n",
       "        -1.34996181e-14, -1.00939222e-15,  7.97972799e-16,\n",
       "         2.39391840e-16,  8.08381140e-15,  4.57099636e-16,\n",
       "         2.69229083e-15,  3.49546780e-15, -2.87508732e-15,\n",
       "        -1.20736754e-15, -5.16166970e-15,  4.04190570e-15],\n",
       "       [-8.46545056e-16,  1.17857113e-14,  1.00000000e+00,\n",
       "         5.17641485e-15,  6.66133815e-16,  3.33066907e-15,\n",
       "        -4.61783389e-15,  6.90419943e-16, -9.88792381e-16,\n",
       "         7.33571190e-15,  7.39859563e-16, -4.45823933e-16,\n",
       "         4.28476699e-16,  7.54951657e-15, -3.98986399e-15,\n",
       "        -9.97119054e-15, -4.50334214e-15, -3.74700271e-16,\n",
       "         5.62744296e-15, -5.36376499e-15, -1.60288449e-15,\n",
       "        -1.67921232e-15,  2.40085729e-15, -3.36189410e-15,\n",
       "         5.68295411e-15, -6.40112963e-15, -2.33233571e-15,\n",
       "         2.46330734e-15, -2.81285412e-15,  1.12063137e-15],\n",
       "       [ 3.09864981e-15, -2.66280054e-15,  5.17641485e-15,\n",
       "         1.00000000e+00,  8.93035645e-15, -4.62564015e-15,\n",
       "         3.46944695e-18,  5.93275429e-16, -3.85975973e-15,\n",
       "         2.94382574e-15, -3.83287152e-15,  8.50014503e-17,\n",
       "         6.93347289e-15, -2.99066327e-15,  1.06858966e-15,\n",
       "        -1.84574578e-15, -1.68268177e-15,  1.70696790e-15,\n",
       "        -5.80438475e-15,  2.11939841e-15,  1.53349555e-15,\n",
       "        -4.13558077e-15,  5.13478149e-15, -2.82412982e-15,\n",
       "         2.46677678e-15,  1.26634814e-15, -3.48679419e-16,\n",
       "        -3.74179854e-15, -3.87277016e-15,  3.86149446e-15],\n",
       "       [-5.18508847e-15,  8.45851167e-15,  6.66133815e-16,\n",
       "         8.93035645e-15,  1.00000000e+00,  4.62130334e-15,\n",
       "         3.16413562e-15, -2.59167687e-15, -7.31359417e-15,\n",
       "         1.56992475e-16, -2.41473508e-15, -5.30131494e-15,\n",
       "        -7.61196661e-15,  3.44169138e-15, -4.92661467e-15,\n",
       "        -1.24900090e-16, -1.23512311e-15,  5.48172618e-15,\n",
       "        -3.33066907e-16, -3.75307424e-15, -2.73392420e-15,\n",
       "        -8.81239526e-16, -4.35762537e-15, -1.03389519e-15,\n",
       "         6.33521013e-15, -2.78943535e-15,  1.58033309e-15,\n",
       "        -2.63677968e-15,  8.23993651e-16,  5.31519273e-15],\n",
       "       [-2.36334390e-15, -8.30151919e-15,  3.33066907e-15,\n",
       "        -4.62564015e-15,  4.62130334e-15,  1.00000000e+00,\n",
       "        -2.85622220e-15,  4.76181594e-16,  3.98986399e-15,\n",
       "         9.71119886e-16, -1.63801264e-15, -3.55835153e-15,\n",
       "        -4.25646931e-15,  1.37390099e-15, -1.46063717e-15,\n",
       "        -1.30624678e-15, -4.80258194e-15,  6.08887940e-15,\n",
       "         1.65145675e-15, -1.46210084e-15,  2.29156971e-15,\n",
       "         7.55472074e-16, -1.25767452e-15,  6.66090447e-15,\n",
       "         6.68909372e-15,  1.15879528e-15,  5.83300769e-17,\n",
       "        -5.06452519e-15,  7.58724680e-16,  9.01188846e-16],\n",
       "       [ 1.90125693e-15,  6.51909082e-15, -4.61783389e-15,\n",
       "         3.46944695e-18,  3.16413562e-15, -2.85622220e-15,\n",
       "         1.00000000e+00,  3.46077333e-15, -5.62050406e-16,\n",
       "         5.28526875e-15,  1.42681006e-15,  6.86083135e-15,\n",
       "         5.71938330e-15,  3.45556916e-15, -1.17961196e-16,\n",
       "        -5.68989300e-15, -5.17641485e-15, -3.94129174e-15,\n",
       "         5.62050406e-16, -4.05578349e-15,  1.04083409e-16,\n",
       "        -3.48679419e-15,  4.63518113e-15, -6.46184495e-15,\n",
       "         6.15826834e-15, -2.92474378e-15, -2.42861287e-16,\n",
       "        -4.00374178e-15, -3.75567633e-15,  1.64451786e-15],\n",
       "       [ 2.44314118e-15, -4.14251966e-15,  6.90419943e-16,\n",
       "         5.93275429e-16, -2.59167687e-15,  4.76181594e-16,\n",
       "         3.46077333e-15,  1.00000000e+00,  4.61436445e-15,\n",
       "        -2.54071937e-15, -1.30104261e-15, -7.88431820e-16,\n",
       "        -2.35055031e-16, -1.80758186e-15, -2.76861867e-15,\n",
       "        -6.36643516e-16,  9.99200722e-16,  7.84095011e-16,\n",
       "         8.67361738e-18,  8.29956763e-16, -1.77462212e-15,\n",
       "         2.65239219e-15, -2.22044605e-16, -1.37823780e-15,\n",
       "        -4.84855212e-15, -1.08073273e-15, -5.68772460e-16,\n",
       "        -6.60929644e-16,  4.27999650e-15, -6.99093561e-16],\n",
       "       [-3.41697157e-15, -5.72892428e-15, -9.88792381e-16,\n",
       "        -3.85975973e-15, -7.31359417e-15,  3.98986399e-15,\n",
       "        -5.62050406e-16,  4.61436445e-15,  1.00000000e+00,\n",
       "        -1.72192989e-15,  4.93745669e-15,  9.60516389e-15,\n",
       "         1.57458682e-15, -1.84921523e-15, -7.18175519e-16,\n",
       "        -1.29063427e-15,  4.60916028e-15, -8.63198402e-15,\n",
       "         3.31852601e-15,  7.09393481e-15,  1.17093835e-15,\n",
       "         4.40619763e-16, -7.67788610e-15, -4.25874613e-15,\n",
       "        -6.08194051e-15,  7.61890551e-15, -4.61523181e-15,\n",
       "         2.94902991e-17,  1.03823200e-15, -9.92261828e-16],\n",
       "       [-4.02862422e-15, -7.23639898e-15,  7.33571190e-15,\n",
       "         2.94382574e-15,  1.56992475e-16,  9.71119886e-16,\n",
       "         5.28526875e-15, -2.54071937e-15, -1.72192989e-15,\n",
       "         1.00000000e+00,  6.00322743e-16, -6.19296281e-16,\n",
       "         1.60966076e-15, -4.15553009e-15,  3.79210552e-15,\n",
       "         2.64155017e-15,  3.16153353e-16, -1.61155811e-15,\n",
       "        -4.42050910e-15,  3.89954995e-15, -1.84574578e-15,\n",
       "         2.98025493e-15, -9.01188846e-16,  2.04675686e-15,\n",
       "         2.38524478e-15,  4.51201576e-15, -4.73682508e-15,\n",
       "        -3.48982995e-15, -2.05347891e-16,  2.80721626e-15],\n",
       "       [ 4.63214536e-15, -4.33941078e-15,  7.39859563e-16,\n",
       "        -3.83287152e-15, -2.41473508e-15, -1.63801264e-15,\n",
       "         1.42681006e-15, -1.30104261e-15,  4.93745669e-15,\n",
       "         6.00322743e-16,  1.00000000e+00, -8.31973379e-15,\n",
       "        -9.11879079e-15,  1.63410951e-15,  8.74300632e-16,\n",
       "         3.81205484e-15,  3.60302066e-15,  4.61783389e-15,\n",
       "         9.74914593e-16,  5.38089538e-16,  3.50414142e-16,\n",
       "         1.95503336e-15,  2.06779038e-15,  6.84651988e-15,\n",
       "        -5.70290343e-15, -2.83367080e-15,  4.55798593e-16,\n",
       "         2.48585874e-15,  4.25571037e-15, -5.24233434e-15],\n",
       "       [-4.66206934e-16,  3.76088050e-15, -4.45823933e-16,\n",
       "         8.50014503e-17, -5.30131494e-15, -3.55835153e-15,\n",
       "         6.86083135e-15, -7.88431820e-16,  9.60516389e-15,\n",
       "        -6.19296281e-16, -8.31973379e-15,  1.00000000e+00,\n",
       "        -4.83814377e-15, -1.91513472e-15, -2.57779909e-15,\n",
       "        -3.76261522e-15,  3.92741395e-15,  2.77555756e-17,\n",
       "        -5.34294831e-15, -1.83468692e-15,  5.04110642e-15,\n",
       "         5.20243570e-15,  3.67067488e-15,  2.20309881e-16,\n",
       "         7.02563008e-16, -1.02418074e-14, -8.48713461e-16,\n",
       "         6.38898656e-15, -1.19045399e-15,  8.67361738e-16],\n",
       "       [ 6.43484831e-15,  5.17598117e-16,  4.28476699e-16,\n",
       "         6.93347289e-15, -7.61196661e-15, -4.25646931e-15,\n",
       "         5.71938330e-15, -2.35055031e-16,  1.57458682e-15,\n",
       "         1.60966076e-15, -9.11879079e-15, -4.83814377e-15,\n",
       "         1.00000000e+00, -6.71251249e-15,  1.90038957e-15,\n",
       "         1.53045979e-15,  3.79080448e-15,  4.28997116e-15,\n",
       "        -4.24009786e-15,  1.30838808e-15, -2.48759346e-15,\n",
       "         5.32213162e-15,  5.33340733e-15,  5.28982240e-15,\n",
       "        -8.63675451e-15, -6.31526081e-15, -1.01036800e-15,\n",
       "         5.65042804e-15,  4.90980954e-15, -6.20207011e-15],\n",
       "       [-4.20670443e-15, -7.63278329e-16,  7.54951657e-15,\n",
       "        -2.99066327e-15,  3.44169138e-15,  1.37390099e-15,\n",
       "         3.45556916e-15, -1.80758186e-15, -1.84921523e-15,\n",
       "        -4.15553009e-15,  1.63410951e-15, -1.91513472e-15,\n",
       "        -6.71251249e-15,  1.00000000e+00, -2.35922393e-15,\n",
       "        -4.44089210e-16,  4.57966998e-16,  6.20337115e-15,\n",
       "         4.16333634e-17,  1.50660734e-15, -9.43689571e-16,\n",
       "        -4.99600361e-16,  1.63757896e-15,  2.40085729e-15,\n",
       "         1.96370697e-15, -8.53483950e-16, -3.04010289e-15,\n",
       "        -4.21190860e-15,  8.13585310e-16,  1.38777878e-17],\n",
       "       [ 2.21697660e-15,  8.95117314e-15, -3.98986399e-15,\n",
       "         1.06858966e-15, -4.92661467e-15, -1.46063717e-15,\n",
       "        -1.17961196e-16, -2.76861867e-15, -7.18175519e-16,\n",
       "         3.79210552e-15,  8.74300632e-16, -2.57779909e-15,\n",
       "         1.90038957e-15, -2.35922393e-15,  1.00000000e+00,\n",
       "         2.69922973e-15,  3.88578059e-16, -1.62370117e-15,\n",
       "        -7.97972799e-16,  2.51968585e-15, -3.33066907e-15,\n",
       "         5.96744876e-16, -2.63677968e-15, -2.36616282e-15,\n",
       "        -3.45556916e-15,  2.80331314e-15,  2.14758766e-15,\n",
       "         4.59354776e-15, -1.77462212e-15, -3.35148576e-15],\n",
       "       [ 4.96347755e-15, -2.45289900e-15, -9.97119054e-15,\n",
       "        -1.84574578e-15, -1.24900090e-16, -1.30624678e-15,\n",
       "        -5.68989300e-15, -6.36643516e-16, -1.29063427e-15,\n",
       "         2.64155017e-15,  3.81205484e-15, -3.76261522e-15,\n",
       "         1.53045979e-15, -4.44089210e-16,  2.69922973e-15,\n",
       "         1.00000000e+00, -1.31838984e-15, -1.77635684e-15,\n",
       "         7.51829154e-15,  1.34441069e-15,  2.06432094e-15,\n",
       "        -2.41126563e-15, -3.37924133e-15,  9.02056208e-17,\n",
       "        -4.67334504e-15,  4.89885910e-15,  5.86466639e-15,\n",
       "         8.43075609e-16,  9.18536081e-16, -1.98452366e-15],\n",
       "       [ 7.62410968e-15,  4.89192020e-16, -4.50334214e-15,\n",
       "        -1.68268177e-15, -1.23512311e-15, -4.80258194e-15,\n",
       "        -5.17641485e-15,  9.99200722e-16,  4.60916028e-15,\n",
       "         3.16153353e-16,  3.60302066e-15,  3.92741395e-15,\n",
       "         3.79080448e-15,  4.57966998e-16,  3.88578059e-16,\n",
       "        -1.31838984e-15,  1.00000000e+00, -1.92901251e-15,\n",
       "         3.06005221e-15,  8.06212735e-16, -1.49186219e-15,\n",
       "         1.20042865e-15,  2.45636844e-15, -6.54858112e-15,\n",
       "        -3.59781649e-15,  8.50014503e-16,  1.78242837e-15,\n",
       "         5.86336535e-16, -9.24607613e-16,  8.81239526e-16],\n",
       "       [-4.34027814e-15,  2.39391840e-16, -3.74700271e-16,\n",
       "         1.70696790e-15,  5.48172618e-15,  6.08887940e-15,\n",
       "        -3.94129174e-15,  7.84095011e-16, -8.63198402e-15,\n",
       "        -1.61155811e-15,  4.61783389e-15,  2.77555756e-17,\n",
       "         4.28997116e-15,  6.20337115e-15, -1.62370117e-15,\n",
       "        -1.77635684e-15, -1.92901251e-15,  1.00000000e+00,\n",
       "         4.51028104e-16,  1.22905158e-15, -2.77555756e-16,\n",
       "        -3.53189700e-15, -4.82947016e-15, -1.79370407e-15,\n",
       "         3.15025783e-15, -1.90819582e-15,  1.40512602e-15,\n",
       "        -4.59354776e-15, -1.29930788e-15,  8.15320034e-15],\n",
       "       [-3.84544827e-15, -1.34996181e-14,  5.62744296e-15,\n",
       "        -5.80438475e-15, -3.33066907e-16,  1.65145675e-15,\n",
       "         5.62050406e-16,  8.67361738e-18,  3.31852601e-15,\n",
       "        -4.42050910e-15,  9.74914593e-16, -5.34294831e-15,\n",
       "        -4.24009786e-15,  4.16333634e-17, -7.97972799e-16,\n",
       "         7.51829154e-15,  3.06005221e-15,  4.51028104e-16,\n",
       "         1.00000000e+00,  2.32192737e-15,  4.03843625e-15,\n",
       "         1.45716772e-16, -4.16333634e-15,  4.76355067e-15,\n",
       "        -6.10622664e-16,  7.60502772e-15, -1.75640752e-16,\n",
       "        -3.46597751e-15,  2.79290480e-15,  1.72084569e-15],\n",
       "       [ 1.63242900e-15, -1.00939222e-15, -5.36376499e-15,\n",
       "         2.11939841e-15, -3.75307424e-15, -1.46210084e-15,\n",
       "        -4.05578349e-15,  8.29956763e-16,  7.09393481e-15,\n",
       "         3.89954995e-15,  5.38089538e-16, -1.83468692e-15,\n",
       "         1.30838808e-15,  1.50660734e-15,  2.51968585e-15,\n",
       "         1.34441069e-15,  8.06212735e-16,  1.22905158e-15,\n",
       "         2.32192737e-15,  1.00000000e+00, -1.60895602e-15,\n",
       "         3.13811477e-15, -2.91520280e-15, -1.04538773e-15,\n",
       "        -8.77770079e-16, -4.49293380e-16,  1.96731195e-15,\n",
       "         3.98986399e-16,  2.63618337e-15, -7.50614848e-15],\n",
       "       [-4.92227786e-15,  7.97972799e-16, -1.60288449e-15,\n",
       "         1.53349555e-15, -2.73392420e-15,  2.29156971e-15,\n",
       "         1.04083409e-16, -1.77462212e-15,  1.17093835e-15,\n",
       "        -1.84574578e-15,  3.50414142e-16,  5.04110642e-15,\n",
       "        -2.48759346e-15, -9.43689571e-16, -3.33066907e-15,\n",
       "         2.06432094e-15, -1.49186219e-15, -2.77555756e-16,\n",
       "         4.03843625e-15, -1.60895602e-15,  1.00000000e+00,\n",
       "         1.65839564e-15, -2.47024623e-15, -3.21270788e-15,\n",
       "         4.44089210e-16, -6.24500451e-16,  1.74903494e-15,\n",
       "         1.99493200e-15,  5.90673344e-15, -1.50573998e-15],\n",
       "       [-6.96057795e-16,  2.39391840e-16, -1.67921232e-15,\n",
       "        -4.13558077e-15, -8.81239526e-16,  7.55472074e-16,\n",
       "        -3.48679419e-15,  2.65239219e-15,  4.40619763e-16,\n",
       "         2.98025493e-15,  1.95503336e-15,  5.20243570e-15,\n",
       "         5.32213162e-15, -4.99600361e-16,  5.96744876e-16,\n",
       "        -2.41126563e-15,  1.20042865e-15, -3.53189700e-15,\n",
       "         1.45716772e-16,  3.13811477e-15,  1.65839564e-15,\n",
       "         1.00000000e+00,  2.70616862e-16, -2.12677098e-15,\n",
       "         1.73472348e-16, -4.16333634e-16, -2.83236976e-15,\n",
       "        -4.40619763e-16, -3.35408784e-15,  1.49186219e-15],\n",
       "       [-6.28230107e-15,  8.08381140e-15,  2.40085729e-15,\n",
       "         5.13478149e-15, -4.35762537e-15, -1.25767452e-15,\n",
       "         4.63518113e-15, -2.22044605e-16, -7.67788610e-15,\n",
       "        -9.01188846e-16,  2.06779038e-15,  3.67067488e-15,\n",
       "         5.33340733e-15,  1.63757896e-15, -2.63677968e-15,\n",
       "        -3.37924133e-15,  2.45636844e-15, -4.82947016e-15,\n",
       "        -4.16333634e-15, -2.91520280e-15, -2.47024623e-15,\n",
       "         2.70616862e-16,  1.00000000e+00, -1.54390389e-15,\n",
       "         4.57966998e-16, -2.73392420e-15,  1.44849410e-16,\n",
       "         8.31279490e-15, -1.81452076e-15,  4.57966998e-16],\n",
       "       [-5.60098842e-16,  4.57099636e-16, -3.36189410e-15,\n",
       "        -2.82412982e-15, -1.03389519e-15,  6.66090447e-15,\n",
       "        -6.46184495e-15, -1.37823780e-15, -4.25874613e-15,\n",
       "         2.04675686e-15,  6.84651988e-15,  2.20309881e-16,\n",
       "         5.28982240e-15,  2.40085729e-15, -2.36616282e-15,\n",
       "         9.02056208e-17, -6.54858112e-15, -1.79370407e-15,\n",
       "         4.76355067e-15, -1.04538773e-15, -3.21270788e-15,\n",
       "        -2.12677098e-15, -1.54390389e-15,  1.00000000e+00,\n",
       "         5.05671893e-15,  2.83974233e-15,  1.24271253e-15,\n",
       "        -5.44703171e-16, -2.68405090e-15,  3.85108612e-15],\n",
       "       [-7.31272681e-15,  2.69229083e-15,  5.68295411e-15,\n",
       "         2.46677678e-15,  6.33521013e-15,  6.68909372e-15,\n",
       "         6.15826834e-15, -4.84855212e-15, -6.08194051e-15,\n",
       "         2.38524478e-15, -5.70290343e-15,  7.02563008e-16,\n",
       "        -8.63675451e-15,  1.96370697e-15, -3.45556916e-15,\n",
       "        -4.67334504e-15, -3.59781649e-15,  3.15025783e-15,\n",
       "        -6.10622664e-16, -8.77770079e-16,  4.44089210e-16,\n",
       "         1.73472348e-16,  4.57966998e-16,  5.05671893e-15,\n",
       "         1.00000000e+00, -5.16253706e-15, -5.53420157e-15,\n",
       "         1.11022302e-16, -2.13110779e-15,  4.41660597e-15],\n",
       "       [ 1.03606360e-14,  3.49546780e-15, -6.40112963e-15,\n",
       "         1.26634814e-15, -2.78943535e-15,  1.15879528e-15,\n",
       "        -2.92474378e-15, -1.08073273e-15,  7.61890551e-15,\n",
       "         4.51201576e-15, -2.83367080e-15, -1.02418074e-14,\n",
       "        -6.31526081e-15, -8.53483950e-16,  2.80331314e-15,\n",
       "         4.89885910e-15,  8.50014503e-16, -1.90819582e-15,\n",
       "         7.60502772e-15, -4.49293380e-16, -6.24500451e-16,\n",
       "        -4.16333634e-16, -2.73392420e-15,  2.83974233e-15,\n",
       "        -5.16253706e-15,  1.00000000e+00,  1.01728521e-14,\n",
       "        -1.81452076e-15,  5.68555619e-15, -9.45771239e-15],\n",
       "       [-1.47261760e-15, -2.87508732e-15, -2.33233571e-15,\n",
       "        -3.48679419e-16,  1.58033309e-15,  5.83300769e-17,\n",
       "        -2.42861287e-16, -5.68772460e-16, -4.61523181e-15,\n",
       "        -4.73682508e-15,  4.55798593e-16, -8.48713461e-16,\n",
       "        -1.01036800e-15, -3.04010289e-15,  2.14758766e-15,\n",
       "         5.86466639e-15,  1.78242837e-15,  1.40512602e-15,\n",
       "        -1.75640752e-16,  1.96731195e-15,  1.74903494e-15,\n",
       "        -2.83236976e-15,  1.44849410e-16,  1.24271253e-15,\n",
       "        -5.53420157e-15,  1.01728521e-14,  1.00000000e+00,\n",
       "        -3.11990017e-15,  4.19992817e-15,  5.58147278e-16],\n",
       "       [ 5.78617015e-15, -1.20736754e-15,  2.46330734e-15,\n",
       "        -3.74179854e-15, -2.63677968e-15, -5.06452519e-15,\n",
       "        -4.00374178e-15, -6.60929644e-16,  2.94902991e-17,\n",
       "        -3.48982995e-15,  2.48585874e-15,  6.38898656e-15,\n",
       "         5.65042804e-15, -4.21190860e-15,  4.59354776e-15,\n",
       "         8.43075609e-16,  5.86336535e-16, -4.59354776e-15,\n",
       "        -3.46597751e-15,  3.98986399e-16,  1.99493200e-15,\n",
       "        -4.40619763e-16,  8.31279490e-15, -5.44703171e-16,\n",
       "         1.11022302e-16, -1.81452076e-15, -3.11990017e-15,\n",
       "         1.00000000e+00, -6.96925156e-15,  2.65065747e-15],\n",
       "       [ 6.49437101e-17, -5.16166970e-15, -2.81285412e-15,\n",
       "        -3.87277016e-15,  8.23993651e-16,  7.58724680e-16,\n",
       "        -3.75567633e-15,  4.27999650e-15,  1.03823200e-15,\n",
       "        -2.05347891e-16,  4.25571037e-15, -1.19045399e-15,\n",
       "         4.90980954e-15,  8.13585310e-16, -1.77462212e-15,\n",
       "         9.18536081e-16, -9.24607613e-16, -1.29930788e-15,\n",
       "         2.79290480e-15,  2.63618337e-15,  5.90673344e-15,\n",
       "        -3.35408784e-15, -1.81452076e-15, -2.68405090e-15,\n",
       "        -2.13110779e-15,  5.68555619e-15,  4.19992817e-15,\n",
       "        -6.96925156e-15,  1.00000000e+00, -9.36750677e-17],\n",
       "       [-4.24703675e-15,  4.04190570e-15,  1.12063137e-15,\n",
       "         3.86149446e-15,  5.31519273e-15,  9.01188846e-16,\n",
       "         1.64451786e-15, -6.99093561e-16, -9.92261828e-16,\n",
       "         2.80721626e-15, -5.24233434e-15,  8.67361738e-16,\n",
       "        -6.20207011e-15,  1.38777878e-17, -3.35148576e-15,\n",
       "        -1.98452366e-15,  8.81239526e-16,  8.15320034e-15,\n",
       "         1.72084569e-15, -7.50614848e-15, -1.50573998e-15,\n",
       "         1.49186219e-15,  4.57966998e-16,  3.85108612e-15,\n",
       "         4.41660597e-15, -9.45771239e-15,  5.58147278e-16,\n",
       "         2.65065747e-15, -9.36750677e-17,  1.00000000e+00]])"
      ]
     },
     "execution_count": 76,
     "metadata": {},
     "output_type": "execute_result"
    }
   ],
   "source": [
    "# suppose to be identity\n",
    "np.matmul(V, V.transpose())"
   ]
  },
  {
   "cell_type": "code",
   "execution_count": 79,
   "metadata": {},
   "outputs": [
    {
     "data": {
      "text/plain": [
       "array([[ 0.80461862,  0.53173262,  0.15843964, ...,  0.41240584,\n",
       "         0.39495133,  0.62935398],\n",
       "       [ 0.29206527,  0.87401898,  0.26971524, ...,  0.89045025,\n",
       "         0.8274509 ,  0.06735394],\n",
       "       [ 0.80260498,  0.33203893,  0.64037955, ...,  0.11077643,\n",
       "         0.49995042,  0.64972717],\n",
       "       ...,\n",
       "       [ 1.19874151,  0.61668796,  0.81992858, ...,  0.55237378,\n",
       "         0.3230901 , -0.00604345],\n",
       "       [ 0.15967203,  0.89916042,  0.28875635, ...,  0.6764768 ,\n",
       "         0.72872416,  0.58766026],\n",
       "       [ 0.86572428,  0.13677917,  0.41179573, ...,  0.06022452,\n",
       "         0.7272205 ,  1.10279062]])"
      ]
     },
     "execution_count": 79,
     "metadata": {},
     "output_type": "execute_result"
    }
   ],
   "source": [
    "# original matrix A\n",
    "s = np.matmul(U, Sigma).real\n",
    "np.matmul(s, V.transpose()).real"
   ]
  },
  {
   "cell_type": "code",
   "execution_count": 80,
   "metadata": {},
   "outputs": [
    {
     "data": {
      "text/plain": [
       "array([[0.36565738, 0.14946256, 0.99673426, ..., 0.62645603, 0.47632445,\n",
       "        0.55876725],\n",
       "       [0.78216186, 0.14049571, 0.06785426, ..., 0.11332261, 0.77530511,\n",
       "        0.64763176],\n",
       "       [0.24114263, 0.79577986, 0.68926188, ..., 0.68227948, 0.60335223,\n",
       "        0.70814967],\n",
       "       ...,\n",
       "       [0.12029474, 0.75797384, 0.66353292, ..., 0.98468854, 0.77101389,\n",
       "        0.16836491],\n",
       "       [0.81764597, 0.5750328 , 0.3758418 , ..., 0.96215776, 0.5401657 ,\n",
       "        0.69826223],\n",
       "       [0.36971632, 0.20700701, 0.75256585, ..., 0.68979463, 0.62479975,\n",
       "        0.20811031]])"
      ]
     },
     "execution_count": 80,
     "metadata": {},
     "output_type": "execute_result"
    }
   ],
   "source": [
    "A"
   ]
  },
  {
   "cell_type": "code",
   "execution_count": null,
   "metadata": {},
   "outputs": [],
   "source": []
  }
 ],
 "metadata": {
  "kernelspec": {
   "display_name": "Python 3",
   "language": "python",
   "name": "python3"
  },
  "language_info": {
   "codemirror_mode": {
    "name": "ipython",
    "version": 3
   },
   "file_extension": ".py",
   "mimetype": "text/x-python",
   "name": "python",
   "nbconvert_exporter": "python",
   "pygments_lexer": "ipython3",
   "version": "3.7.0"
  }
 },
 "nbformat": 4,
 "nbformat_minor": 2
}
